 **************************************************************
 **************************************************************
 ******************* PARISER-PARR-POPLE ***********************
 ********* HOMO-LUMO EXCHANGE INTEGRAL CALCULATOR *************
 **************************************************************
 **************************************************************
 
 This Fortran code calculates the HOMO-LUMO exchange integral within the
 Pariser-Parr-Pople (PPP) model (ZDO approximation is used) given a
 certain molecular geometry as *.xyz file.
 
 Cite this work as:
 Bedogni, M.; Giavazzi D.; Di Maiolo, F.; Painelli, A. Shining Light on Inverted
  Singlet−Triplet Emitters, J. Chem. Theory Comput. (2023) https://doi.org/10.
 1021/acs.jctc.3c01112.
 
 **************************************************************
 
 Coordinates of the pi backbone in angstrom
    1  N    -3.47318    -0.23525
    2  C    -3.41976     1.15499
    3  N    -2.30593     1.84267
    4  C    -1.11584     1.12787
    5  N    -1.14149    -0.22565
    6  C    -2.33082    -0.89063
    7  N     0.01495     1.80638
    8  C     1.19333     1.06733
    9  C     0.02871    -0.94202
   10  N     1.23717    -0.23537
   11  N    -2.35154    -2.27911
   12  C    -1.20008    -2.90853
   13  N     0.03277    -2.24592
 
 
 The system counts          14 pi electrons
 
 Writing the connectivity matrix
  0  1  0  0  0  1  0  0  0  0  0  0  0
  1  0  1  0  0  0  0  0  0  0  0  0  0
  0  1  0  1  0  0  0  0  0  0  0  0  0
  0  0  1  0  1  0  1  0  0  0  0  0  0
  0  0  0  1  0  1  0  0  1  0  0  0  0
  1  0  0  0  1  0  0  0  0  0  1  0  0
  0  0  0  1  0  0  0  1  0  0  0  0  0
  0  0  0  0  0  0  1  0  0  1  0  0  0
  0  0  0  0  1  0  0  0  0  1  0  0  1
  0  0  0  0  0  0  0  1  1  0  0  0  0
  0  0  0  0  0  1  0  0  0  0  0  1  0
  0  0  0  0  0  0  0  0  0  0  1  0  1
  0  0  0  0  0  0  0  0  1  0  0  1  0
 
 Writing the number of bonds for each atom
 N           2
 C           2
 N           2
 C           2
 N           3
 C           2
 N           2
 C           2
 C           2
 N           2
 N           2
 C           2
 N           2
 
 Model parameters for each atom
 atom #, valence, site energy (eV), Hubbard U (eV)
  1  1  -5.00000  15.50000
  2  1   0.00000  11.26000
  3  1  -5.00000  15.50000
  4  1   0.00000  11.26000
  5  2 -13.00000  15.00000
  6  1   0.00000  11.26000
  7  1  -5.00000  15.50000
  8  1   0.00000  11.26000
  9  1   0.00000  11.26000
 10  1  -5.00000  15.50000
 11  1  -5.00000  15.50000
 12  1   0.00000  11.26000
 13  1  -5.00000  15.50000
 
 Huckel hamiltonian
   -5.000   -2.400    0.000    0.000    0.000   -2.400    0.000    0.000    0.000    0.000    0.000    0.000    0.000
   -2.400    0.000   -2.400    0.000    0.000    0.000    0.000    0.000    0.000    0.000    0.000    0.000    0.000
    0.000   -2.400   -5.000   -2.400    0.000    0.000    0.000    0.000    0.000    0.000    0.000    0.000    0.000
    0.000    0.000   -2.400    0.000   -2.400    0.000   -2.400    0.000    0.000    0.000    0.000    0.000    0.000
    0.000    0.000    0.000   -2.400  -13.000   -2.400    0.000    0.000   -2.400    0.000    0.000    0.000    0.000
   -2.400    0.000    0.000    0.000   -2.400    0.000    0.000    0.000    0.000    0.000   -2.400    0.000    0.000
    0.000    0.000    0.000   -2.400    0.000    0.000   -5.000   -2.400    0.000    0.000    0.000    0.000    0.000
    0.000    0.000    0.000    0.000    0.000    0.000   -2.400    0.000    0.000   -2.400    0.000    0.000    0.000
    0.000    0.000    0.000    0.000   -2.400    0.000    0.000    0.000    0.000   -2.400    0.000    0.000   -2.400
    0.000    0.000    0.000    0.000    0.000    0.000    0.000   -2.400   -2.400   -5.000    0.000    0.000    0.000
    0.000    0.000    0.000    0.000    0.000   -2.400    0.000    0.000    0.000    0.000   -5.000   -2.400    0.000
    0.000    0.000    0.000    0.000    0.000    0.000    0.000    0.000    0.000    0.000   -2.400    0.000   -2.400
    0.000    0.000    0.000    0.000    0.000    0.000    0.000    0.000   -2.400    0.000    0.000   -2.400   -5.000
 
 Huckel MO energies (eV)
 
 GS energy=  -107.101913355153      eV
 
 Huckel eigenvectors
   -0.049    0.350    0.435   -0.251    0.252    0.472   -0.408    0.051   -0.073   -0.203   -0.224   -0.175   -0.197
   -0.016    0.222    0.142   -0.246   -0.114    0.183   -0.000   -0.453   -0.346    0.409    0.189    0.466    0.280
   -0.049    0.350   -0.000   -0.503   -0.535   -0.018    0.408    0.051    0.212    0.038    0.039   -0.281   -0.197
   -0.175    0.156   -0.142   -0.246   -0.102   -0.190   -0.000    0.335   -0.181   -0.504   -0.309    0.396    0.408
   -0.945   -0.208    0.000   -0.000   -0.000   -0.000   -0.000   -0.178    0.000    0.000   -0.000    0.000   -0.179
   -0.175    0.156    0.284   -0.000    0.215    0.007   -0.000    0.335    0.527    0.095    0.498    0.069    0.408
   -0.049    0.350   -0.435   -0.251    0.283   -0.455   -0.408    0.051   -0.139    0.165    0.263   -0.107   -0.197
   -0.016    0.222   -0.284    0.000    0.215    0.007   -0.000   -0.453    0.527    0.095   -0.498   -0.069    0.280
   -0.175    0.156   -0.142    0.246   -0.114    0.183    0.000    0.335   -0.346    0.409   -0.189   -0.466    0.408
   -0.049    0.350   -0.435    0.251    0.252    0.472    0.408    0.051   -0.073   -0.203    0.224    0.175   -0.197
   -0.049    0.350    0.435    0.251    0.283   -0.455    0.408    0.051   -0.139    0.165   -0.263    0.107   -0.197
   -0.016    0.222    0.142    0.246   -0.102   -0.190   -0.000   -0.453   -0.181   -0.504    0.309   -0.396    0.280
   -0.049    0.350    0.000    0.503   -0.535   -0.018   -0.408    0.051    0.212    0.038   -0.039    0.281   -0.197
 
 Hartree-Fock iterations
 
 HF ITERATION #           1
 
 J (i.e., Coulomb) operator (diagonal) at iteration #           1
    1     2.98710
    2    -0.85869
    3     3.01411
    4    -1.65265
    5    -4.74437
    6    -1.65956
    7     3.02789
    8    -0.83523
    9    -1.64757
   10     2.99462
   11     2.99077
   12    -0.89813
   13     2.94918
 
 K (i.e., exchange) operator (not diagonal) at iteration #           1
   -2.615    2.127   -0.330   -0.257   -0.150    2.071    0.077    0.036   -0.011   -0.021   -0.337   -0.145    0.077
    2.127   -9.271    2.208    0.298   -0.152    0.297   -0.145   -0.043    0.011    0.036   -0.142   -0.043    0.036
   -0.330    2.208   -2.615    2.005   -0.148   -0.256   -0.338   -0.142   -0.010    0.076    0.075    0.036   -0.021
   -0.257    0.298    2.005   -9.210    1.097   -0.047    2.069    0.298   -0.047   -0.257   -0.010    0.011   -0.011
   -0.150   -0.152   -0.148    1.097  -15.958    1.093   -0.150   -0.152    1.088   -0.148   -0.147   -0.151   -0.150
    2.071    0.297   -0.256   -0.047    1.093   -9.210   -0.011    0.011   -0.047   -0.010    2.005    0.298   -0.256
    0.077   -0.145   -0.338    2.069   -0.150   -0.011   -2.615    2.128   -0.254   -0.331   -0.021    0.036    0.077
    0.036   -0.043   -0.142    0.298   -0.152    0.011    2.128   -9.271    0.297    2.214    0.036   -0.042   -0.145
   -0.011    0.011   -0.010   -0.047    1.088   -0.047   -0.254    0.297   -9.210    1.995   -0.256    0.297    2.084
   -0.021    0.036    0.076   -0.257   -0.148   -0.010   -0.331    2.214    1.995   -2.615    0.075   -0.141   -0.335
   -0.337   -0.142    0.075   -0.010   -0.147    2.005   -0.021    0.036   -0.256    0.075   -2.615    2.205   -0.330
   -0.145   -0.043    0.036    0.011   -0.151    0.298    0.036   -0.042    0.297   -0.141    2.205   -9.271    2.119
    0.077    0.036   -0.021   -0.011   -0.150   -0.256    0.077   -0.145    2.084   -0.335   -0.330    2.119   -2.615
 
 HF ground state energy  -43.1051684409889      eV at iteration #           1
 
 Density matrix at iteration #           1
    1.573    0.556   -0.126   -0.141   -0.074    0.530    0.065    0.037   -0.012   -0.023   -0.150   -0.085    0.065
    0.556    0.444    0.569    0.113   -0.121    0.113   -0.085   -0.028   -0.002    0.037   -0.082   -0.028    0.037
   -0.126    0.569    1.571    0.520   -0.071   -0.142   -0.151   -0.083   -0.011    0.063    0.063    0.037   -0.023
   -0.141    0.113    0.520    0.514    0.382    0.001    0.531    0.113    0.001   -0.142   -0.011   -0.002   -0.012
   -0.074   -0.121   -0.071    0.382    1.698    0.382   -0.075   -0.121    0.381   -0.071   -0.071   -0.121   -0.074
    0.530    0.113   -0.142    0.001    0.382    0.513   -0.012   -0.002    0.001   -0.011    0.519    0.113   -0.141
    0.065   -0.085   -0.151    0.531   -0.075   -0.012    1.572    0.556   -0.141   -0.126   -0.023    0.037    0.064
    0.037   -0.028   -0.083    0.113   -0.121   -0.002    0.556    0.444    0.113    0.568    0.037   -0.028   -0.085
   -0.012   -0.002   -0.011    0.001    0.381    0.001   -0.141    0.113    0.511    0.519   -0.142    0.112    0.530
   -0.023    0.037    0.063   -0.142   -0.071   -0.011   -0.126    0.568    0.519    1.572    0.063   -0.083   -0.150
   -0.150   -0.082    0.063   -0.011   -0.071    0.519   -0.023    0.037   -0.142    0.063    1.571    0.569   -0.127
   -0.085   -0.028    0.037   -0.002   -0.121    0.113    0.037   -0.028    0.112   -0.083    0.569    0.444    0.555
    0.065    0.037   -0.023   -0.012   -0.074   -0.141    0.064   -0.085    0.530   -0.150   -0.127    0.555    1.574
 
 HF ITERATION #           2
 
 J (i.e., Coulomb) operator (diagonal) at iteration #           2
    1     2.58438
    2    -0.78025
    3     2.58695
    4    -1.62323
    5    -5.41429
    6    -1.62385
    7     2.61224
    8    -0.75781
    9    -1.60547
   10     2.58544
   11     2.57171
   12    -0.80679
   13     2.56529
 
 K (i.e., exchange) operator (not diagonal) at iteration #           2
   -3.310    2.274   -0.356   -0.346   -0.213    2.245    0.112    0.054   -0.022   -0.035   -0.431   -0.167    0.112
    2.274   -8.761    2.416    0.309   -0.302    0.306   -0.168   -0.042   -0.004    0.054   -0.158   -0.042    0.053
   -0.356    2.416   -3.327    2.129   -0.200   -0.348   -0.434   -0.159   -0.021    0.108    0.108    0.054   -0.035
   -0.346    0.309    2.129   -8.369    1.577    0.002    2.245    0.308    0.002   -0.349   -0.021   -0.004   -0.022
   -0.213   -0.302   -0.200    1.577  -17.263    1.571   -0.213   -0.301    1.563   -0.199   -0.199   -0.300   -0.212
    2.245    0.306   -0.348    0.002    1.571   -8.374   -0.023   -0.004    0.003   -0.021    2.127    0.309   -0.346
    0.112   -0.168   -0.434    2.245   -0.213   -0.023   -3.318    2.277   -0.344   -0.356   -0.035    0.053    0.112
    0.054   -0.042   -0.159    0.308   -0.301   -0.004    2.277   -8.762    0.306    2.420    0.053   -0.042   -0.166
   -0.022   -0.004   -0.021    0.002    1.563    0.003   -0.344    0.306   -8.380    2.114   -0.347    0.305    2.259
   -0.035    0.054    0.108   -0.349   -0.199   -0.021   -0.356    2.420    2.114   -3.313    0.108   -0.157   -0.428
   -0.431   -0.158    0.108   -0.021   -0.199    2.127   -0.035    0.053   -0.347    0.108   -3.326    2.415   -0.356
   -0.167   -0.042    0.054   -0.004   -0.300    0.309    0.053   -0.042    0.305   -0.157    2.415   -8.761    2.263
    0.112    0.053   -0.035   -0.022   -0.212   -0.346    0.112   -0.166    2.259   -0.428   -0.356    2.263   -3.303
 
 HF ground state energy  -45.1429219201012      eV at iteration #           2
 
 Density matrix at iteration #           2
    1.523    0.572   -0.124   -0.163   -0.080    0.547    0.079    0.046   -0.015   -0.032   -0.166   -0.091    0.079
    0.572    0.496    0.594    0.107   -0.150    0.106   -0.091   -0.025   -0.007    0.046   -0.086   -0.025    0.046
   -0.124    0.594    1.520    0.528   -0.073   -0.165   -0.166   -0.087   -0.014    0.076    0.076    0.046   -0.032
   -0.163    0.107    0.528    0.598    0.428    0.006    0.547    0.107    0.006   -0.165   -0.014   -0.007   -0.015
   -0.080   -0.150   -0.073    0.428    1.591    0.428   -0.081   -0.150    0.427   -0.072   -0.072   -0.150   -0.080
    0.547    0.106   -0.165    0.006    0.428    0.596   -0.015   -0.007    0.006   -0.014    0.527    0.107   -0.163
    0.079   -0.091   -0.166    0.547   -0.081   -0.015    1.522    0.572   -0.163   -0.125   -0.032    0.046    0.079
    0.046   -0.025   -0.087    0.107   -0.150   -0.007    0.572    0.496    0.106    0.593    0.046   -0.025   -0.091
   -0.015   -0.007   -0.014    0.006    0.427    0.006   -0.163    0.106    0.594    0.526   -0.165    0.106    0.547
   -0.032    0.046    0.076   -0.165   -0.072   -0.014   -0.125    0.593    0.526    1.523    0.076   -0.087   -0.166
   -0.166   -0.086    0.076   -0.014   -0.072    0.527   -0.032    0.046   -0.165    0.076    1.520    0.595   -0.125
   -0.091   -0.025    0.046   -0.007   -0.150    0.107    0.046   -0.025    0.106   -0.087    0.595    0.496    0.571
    0.079    0.046   -0.032   -0.015   -0.080   -0.163    0.079   -0.091    0.547   -0.166   -0.125    0.571    1.524
 
 HF ITERATION #           3
 
 J (i.e., Coulomb) operator (diagonal) at iteration #           3
    1     2.35662
    2    -0.73278
    3     2.35144
    4    -1.62909
    5    -5.87505
    6    -1.62818
    7     2.38168
    8    -0.71080
    9    -1.60844
   10     2.35551
   11     2.33889
   12    -0.75491
   13     2.34297
 
 K (i.e., exchange) operator (not diagonal) at iteration #           3
   -3.695    2.340   -0.350   -0.402   -0.229    2.315    0.138    0.066   -0.029   -0.048   -0.475   -0.179    0.137
    2.340   -8.468    2.523    0.292   -0.375    0.288   -0.180   -0.038   -0.013    0.067   -0.166   -0.038    0.066
   -0.350    2.523   -3.718    2.163   -0.204   -0.405   -0.479   -0.167   -0.027    0.130    0.129    0.067   -0.048
   -0.402    0.292    2.163   -7.894    1.767    0.016    2.315    0.291    0.016   -0.407   -0.027   -0.012   -0.029
   -0.229   -0.375   -0.204    1.767  -18.064    1.760   -0.230   -0.374    1.748   -0.202   -0.203   -0.373   -0.228
    2.315    0.288   -0.405    0.016    1.760   -7.903   -0.030   -0.013    0.017   -0.026    2.160    0.291   -0.401
    0.138   -0.180   -0.479    2.315   -0.230   -0.030   -3.705    2.342   -0.398   -0.351   -0.048    0.066    0.136
    0.066   -0.038   -0.167    0.291   -0.374   -0.013    2.342   -8.470    0.288    2.527    0.066   -0.037   -0.178
   -0.029   -0.013   -0.027    0.016    1.748    0.017   -0.398    0.288   -7.913    2.146   -0.405    0.287    2.331
   -0.048    0.067    0.130   -0.407   -0.202   -0.026   -0.351    2.527    2.146   -3.699    0.129   -0.165   -0.473
   -0.475   -0.166    0.129   -0.027   -0.203    2.160   -0.048    0.066   -0.405    0.129   -3.717    2.522   -0.351
   -0.179   -0.038    0.067   -0.012   -0.373    0.291    0.066   -0.037    0.287   -0.165    2.522   -8.468    2.327
    0.137    0.066   -0.048   -0.029   -0.228   -0.401    0.136   -0.178    2.331   -0.473   -0.351    2.327   -3.688
 
 HF ground state energy  -46.1361113653930      eV at iteration #           3
 
 Density matrix at iteration #           3
    1.495    0.579   -0.121   -0.176   -0.081    0.555    0.088    0.051   -0.016   -0.039   -0.174   -0.095    0.088
    0.579    0.525    0.607    0.101   -0.164    0.100   -0.095   -0.023   -0.009    0.051   -0.088   -0.023    0.051
   -0.121    0.607    1.492    0.530   -0.070   -0.179   -0.175   -0.089   -0.015    0.084    0.084    0.052   -0.039
   -0.176    0.101    0.530    0.645    0.447    0.006    0.556    0.101    0.006   -0.179   -0.015   -0.009   -0.016
   -0.081   -0.164   -0.070    0.447    1.535    0.447   -0.082   -0.164    0.446   -0.069   -0.070   -0.164   -0.081
    0.555    0.100   -0.179    0.006    0.447    0.643   -0.017   -0.009    0.006   -0.015    0.529    0.101   -0.176
    0.088   -0.095   -0.175    0.556   -0.082   -0.017    1.494    0.579   -0.176   -0.121   -0.039    0.051    0.088
    0.051   -0.023   -0.089    0.101   -0.164   -0.009    0.579    0.525    0.100    0.607    0.051   -0.022   -0.094
   -0.016   -0.009   -0.015    0.006    0.446    0.006   -0.176    0.100    0.640    0.528   -0.178    0.100    0.556
   -0.039    0.051    0.084   -0.179   -0.069   -0.015   -0.121    0.607    0.528    1.495    0.083   -0.089   -0.174
   -0.174   -0.088    0.084   -0.015   -0.070    0.529   -0.039    0.051   -0.178    0.083    1.492    0.608   -0.121
   -0.095   -0.023    0.052   -0.009   -0.164    0.101    0.051   -0.022    0.100   -0.089    0.608    0.525    0.578
    0.088    0.051   -0.039   -0.016   -0.081   -0.176    0.088   -0.094    0.556   -0.174   -0.121    0.578    1.496
 
 HF ITERATION #           4
 
 J (i.e., Coulomb) operator (diagonal) at iteration #           4
    1     2.22841
    2    -0.70578
    3     2.22051
    4    -1.62555
    5    -6.10729
    6    -1.62470
    7     2.25350
    8    -0.68408
    9    -1.60506
   10     2.22609
   11     2.20859
   12    -0.72682
   13     2.21590
 
 K (i.e., exchange) operator (not diagonal) at iteration #           4
   -3.914    2.370   -0.339   -0.432   -0.232    2.351    0.154    0.074   -0.032   -0.059   -0.499   -0.186    0.153
    2.370   -8.304    2.580    0.275   -0.411    0.272   -0.187   -0.034   -0.015    0.074   -0.169   -0.034    0.074
   -0.339    2.580   -3.938    2.172   -0.198   -0.438   -0.503   -0.171   -0.028    0.143    0.142    0.074   -0.058
   -0.432    0.275    2.172   -7.631    1.848    0.016    2.351    0.274    0.016   -0.439   -0.029   -0.015   -0.032
   -0.232   -0.411   -0.198    1.848  -18.489    1.840   -0.234   -0.408    1.827   -0.195   -0.197   -0.408   -0.231
    2.351    0.272   -0.438    0.016    1.840   -7.642   -0.032   -0.015    0.017   -0.028    2.169    0.275   -0.431
    0.154   -0.187   -0.503    2.351   -0.234   -0.032   -3.923    2.371   -0.428   -0.341   -0.058    0.074    0.152
    0.074   -0.034   -0.171    0.274   -0.408   -0.015    2.371   -8.307    0.272    2.585    0.074   -0.034   -0.184
   -0.032   -0.015   -0.028    0.016    1.827    0.017   -0.428    0.272   -7.654    2.154   -0.437    0.271    2.369
   -0.059    0.074    0.143   -0.439   -0.195   -0.028   -0.341    2.585    2.154   -3.917    0.142   -0.169   -0.496
   -0.499   -0.169    0.142   -0.029   -0.197    2.169   -0.058    0.074   -0.437    0.142   -3.936    2.580   -0.340
   -0.186   -0.034    0.074   -0.015   -0.408    0.275    0.074   -0.034    0.271   -0.169    2.580   -8.306    2.356
    0.153    0.074   -0.058   -0.032   -0.231   -0.431    0.152   -0.184    2.369   -0.496   -0.340    2.356   -3.906
 
 HF ground state energy  -46.5792760190608      eV at iteration #           4
 
 Density matrix at iteration #           4
    1.479    0.582   -0.118   -0.183   -0.081    0.560    0.094    0.054   -0.017   -0.044   -0.178   -0.097    0.093
    0.582    0.541    0.615    0.097   -0.171    0.096   -0.097   -0.021   -0.009    0.054   -0.089   -0.021    0.053
   -0.118    0.615    1.476    0.530   -0.068   -0.186   -0.179   -0.090   -0.015    0.088    0.088    0.054   -0.043
   -0.183    0.097    0.530    0.670    0.456    0.005    0.561    0.097    0.005   -0.186   -0.015   -0.009   -0.017
   -0.081   -0.171   -0.068    0.456    1.505    0.456   -0.082   -0.171    0.455   -0.067   -0.068   -0.171   -0.081
    0.560    0.096   -0.186    0.005    0.456    0.668   -0.017   -0.009    0.005   -0.015    0.530    0.097   -0.182
    0.094   -0.097   -0.179    0.561   -0.082   -0.017    1.478    0.582   -0.182   -0.118   -0.043    0.054    0.093
    0.054   -0.021   -0.090    0.097   -0.171   -0.009    0.582    0.541    0.096    0.615    0.054   -0.021   -0.096
   -0.017   -0.009   -0.015    0.005    0.455    0.005   -0.182    0.096    0.666    0.529   -0.186    0.096    0.561
   -0.044    0.054    0.088   -0.186   -0.067   -0.015   -0.118    0.615    0.529    1.479    0.088   -0.089   -0.178
   -0.178   -0.089    0.088   -0.015   -0.068    0.530   -0.043    0.054   -0.186    0.088    1.476    0.616   -0.118
   -0.097   -0.021    0.054   -0.009   -0.171    0.097    0.054   -0.021    0.096   -0.089    0.616    0.541    0.581
    0.093    0.053   -0.043   -0.017   -0.081   -0.182    0.093   -0.096    0.561   -0.178   -0.118    0.581    1.480
 
 HF ITERATION #           5
 
 J (i.e., Coulomb) operator (diagonal) at iteration #           5
    1     2.15656
    2    -0.69050
    3     2.14750
    4    -1.62038
    5    -6.22263
    6    -1.61978
    7     2.18210
    8    -0.66893
    9    -1.60031
   10     2.15366
   11     2.13573
   12    -0.71133
   13     2.14426
 
 K (i.e., exchange) operator (not diagonal) at iteration #           5
   -4.036    2.383   -0.331   -0.449   -0.233    2.371    0.163    0.078   -0.032   -0.065   -0.511   -0.190    0.162
    2.383   -8.213    2.613    0.264   -0.428    0.261   -0.190   -0.032   -0.016    0.078   -0.171   -0.032    0.077
   -0.331    2.613   -4.062    2.174   -0.192   -0.456   -0.516   -0.172   -0.029    0.151    0.150    0.079   -0.065
   -0.449    0.264    2.174   -7.486    1.886    0.012    2.371    0.264    0.012   -0.458   -0.029   -0.015   -0.033
   -0.233   -0.428   -0.192    1.886  -18.713    1.878   -0.235   -0.426    1.864   -0.188   -0.191   -0.425   -0.231
    2.371    0.261   -0.456    0.012    1.878   -7.499   -0.033   -0.016    0.013   -0.028    2.171    0.264   -0.448
    0.163   -0.190   -0.516    2.371   -0.235   -0.033   -4.045    2.384   -0.445   -0.332   -0.064    0.078    0.161
    0.078   -0.032   -0.172    0.264   -0.426   -0.016    2.384   -8.216    0.261    2.619    0.078   -0.031   -0.188
   -0.032   -0.016   -0.029    0.012    1.864    0.013   -0.445    0.261   -7.512    2.155   -0.456    0.261    2.390
   -0.065    0.078    0.151   -0.458   -0.188   -0.028   -0.332    2.619    2.155   -4.039    0.149   -0.170   -0.508
   -0.511   -0.171    0.150   -0.029   -0.191    2.171   -0.064    0.078   -0.456    0.149   -4.059    2.613   -0.332
   -0.190   -0.032    0.079   -0.015   -0.425    0.264    0.078   -0.031    0.261   -0.170    2.613   -8.216    2.368
    0.162    0.077   -0.065   -0.033   -0.231   -0.448    0.161   -0.188    2.390   -0.508   -0.332    2.368   -4.029
 
 HF ground state energy  -46.7864910996323      eV at iteration #           5
 
 Density matrix at iteration #           5
    1.470    0.584   -0.116   -0.186   -0.081    0.563    0.097    0.055   -0.017   -0.046   -0.180   -0.098    0.096
    0.584    0.550    0.620    0.094   -0.175    0.094   -0.098   -0.020   -0.009    0.056   -0.089   -0.020    0.055
   -0.116    0.620    1.467    0.530   -0.066   -0.190   -0.181   -0.090   -0.015    0.091    0.090    0.056   -0.046
   -0.186    0.094    0.530    0.684    0.461    0.003    0.563    0.094    0.003   -0.190   -0.015   -0.009   -0.017
   -0.081   -0.175   -0.066    0.461    1.489    0.461   -0.083   -0.174    0.459   -0.065   -0.066   -0.175   -0.081
    0.563    0.094   -0.190    0.003    0.461    0.682   -0.017   -0.009    0.004   -0.015    0.529    0.095   -0.186
    0.097   -0.098   -0.181    0.563   -0.083   -0.017    1.469    0.584   -0.186   -0.116   -0.046    0.055    0.096
    0.055   -0.020   -0.090    0.094   -0.174   -0.009    0.584    0.550    0.094    0.620    0.055   -0.020   -0.097
   -0.017   -0.009   -0.015    0.003    0.459    0.004   -0.186    0.094    0.680    0.528   -0.190    0.094    0.564
   -0.046    0.056    0.091   -0.190   -0.065   -0.015   -0.116    0.620    0.528    1.470    0.090   -0.090   -0.180
   -0.180   -0.089    0.090   -0.015   -0.066    0.529   -0.046    0.055   -0.190    0.090    1.467    0.621   -0.116
   -0.098   -0.020    0.056   -0.009   -0.175    0.095    0.055   -0.020    0.094   -0.090    0.621    0.550    0.582
    0.096    0.055   -0.046   -0.017   -0.081   -0.186    0.096   -0.097    0.564   -0.180   -0.116    0.582    1.471
 
 HF ITERATION #           6
 
 J (i.e., Coulomb) operator (diagonal) at iteration #           6
    1     2.11646
    2    -0.68183
    3     2.10674
    4    -1.61683
    5    -6.28243
    6    -1.61641
    7     2.14237
    8    -0.66031
    9    -1.59700
   10     2.11324
   11     2.09503
   12    -0.70262
   13     2.10421
 
 K (i.e., exchange) operator (not diagonal) at iteration #           6
   -4.105    2.389   -0.325   -0.458   -0.233    2.383    0.169    0.080   -0.032   -0.070   -0.517   -0.193    0.167
    2.389   -8.163    2.632    0.258   -0.438    0.254   -0.193   -0.031   -0.016    0.081   -0.171   -0.030    0.080
   -0.325    2.632   -4.131    2.173   -0.187   -0.467   -0.522   -0.173   -0.029    0.155    0.154    0.081   -0.069
   -0.458    0.258    2.173   -7.407    1.905    0.009    2.383    0.257    0.009   -0.468   -0.029   -0.015   -0.033
   -0.233   -0.438   -0.187    1.905  -18.832    1.898   -0.236   -0.435    1.883   -0.182   -0.186   -0.435   -0.231
    2.383    0.254   -0.467    0.009    1.898   -7.420   -0.033   -0.016    0.010   -0.028    2.169    0.258   -0.457
    0.169   -0.193   -0.522    2.383   -0.236   -0.033   -4.113    2.389   -0.453   -0.327   -0.069    0.080    0.167
    0.080   -0.031   -0.173    0.257   -0.435   -0.016    2.389   -8.165    0.255    2.639    0.080   -0.030   -0.191
   -0.032   -0.016   -0.029    0.009    1.883    0.010   -0.453    0.255   -7.433    2.154   -0.466    0.254    2.403
   -0.070    0.081    0.155   -0.468   -0.182   -0.028   -0.327    2.639    2.154   -4.108    0.153   -0.171   -0.515
   -0.517   -0.171    0.154   -0.029   -0.186    2.169   -0.069    0.080   -0.466    0.153   -4.128    2.633   -0.326
   -0.193   -0.030    0.081   -0.015   -0.435    0.258    0.080   -0.030    0.254   -0.171    2.633   -8.165    2.374
    0.167    0.080   -0.069   -0.033   -0.231   -0.457    0.167   -0.191    2.403   -0.515   -0.326    2.374   -4.098
 
 HF ground state energy  -46.8913749812518      eV at iteration #           6
 
 Density matrix at iteration #           6
    1.465    0.584   -0.114   -0.188   -0.082    0.565    0.099    0.056   -0.017   -0.048   -0.182   -0.099    0.098
    0.584    0.555    0.622    0.093   -0.177    0.092   -0.099   -0.020   -0.009    0.057   -0.089   -0.020    0.056
   -0.114    0.622    1.462    0.530   -0.065   -0.193   -0.183   -0.090   -0.015    0.092    0.092    0.057   -0.048
   -0.188    0.093    0.530    0.692    0.464    0.003    0.565    0.093    0.003   -0.193   -0.015   -0.009   -0.017
   -0.082   -0.177   -0.065    0.464    1.480    0.464   -0.083   -0.176    0.462   -0.064   -0.065   -0.177   -0.081
    0.565    0.092   -0.193    0.003    0.464    0.690   -0.017   -0.009    0.003   -0.015    0.529    0.093   -0.188
    0.099   -0.099   -0.183    0.565   -0.083   -0.017    1.464    0.584   -0.188   -0.115   -0.047    0.056    0.098
    0.056   -0.020   -0.090    0.093   -0.176   -0.009    0.584    0.555    0.092    0.622    0.056   -0.020   -0.098
   -0.017   -0.009   -0.015    0.003    0.462    0.003   -0.188    0.092    0.687    0.528   -0.192    0.092    0.566
   -0.048    0.057    0.092   -0.193   -0.064   -0.015   -0.115    0.622    0.528    1.465    0.091   -0.090   -0.181
   -0.182   -0.089    0.092   -0.015   -0.065    0.529   -0.047    0.056   -0.192    0.091    1.462    0.623   -0.115
   -0.099   -0.020    0.057   -0.009   -0.177    0.093    0.056   -0.020    0.092   -0.090    0.623    0.555    0.583
    0.098    0.056   -0.048   -0.017   -0.081   -0.188    0.098   -0.098    0.566   -0.181   -0.115    0.583    1.466
 
 HF ITERATION #           7
 
 J (i.e., Coulomb) operator (diagonal) at iteration #           7
    1     2.09415
    2    -0.67691
    3     2.08399
    4    -1.61479
    5    -6.31444
    6    -1.61447
    7     2.12032
    8    -0.65541
    9    -1.59508
   10     2.09069
   11     2.07230
   12    -0.69771
   13     2.08192
 
 K (i.e., exchange) operator (not diagonal) at iteration #           7
   -4.143    2.391   -0.322   -0.463   -0.233    2.391    0.172    0.081   -0.032   -0.072   -0.521   -0.194    0.171
    2.391   -8.134    2.644    0.254   -0.443    0.251   -0.194   -0.030   -0.016    0.082   -0.172   -0.030    0.081
   -0.322    2.644   -4.169    2.171   -0.183   -0.472   -0.526   -0.173   -0.028    0.157    0.156    0.082   -0.071
   -0.463    0.254    2.171   -7.363    1.915    0.007    2.390    0.253    0.007   -0.474   -0.029   -0.015   -0.033
   -0.233   -0.443   -0.183    1.915  -18.898    1.908   -0.236   -0.440    1.892   -0.179   -0.183   -0.440   -0.232
    2.391    0.251   -0.472    0.007    1.908   -7.376   -0.033   -0.016    0.008   -0.028    2.167    0.254   -0.461
    0.172   -0.194   -0.526    2.390   -0.236   -0.033   -4.151    2.391   -0.458   -0.324   -0.071    0.081    0.170
    0.081   -0.030   -0.173    0.253   -0.440   -0.016    2.391   -8.137    0.251    2.651    0.081   -0.029   -0.192
   -0.032   -0.016   -0.028    0.007    1.892    0.008   -0.458    0.251   -7.390    2.152   -0.472    0.250    2.411
   -0.072    0.082    0.157   -0.474   -0.179   -0.028   -0.324    2.651    2.152   -4.146    0.155   -0.171   -0.518
   -0.521   -0.172    0.156   -0.029   -0.183    2.167   -0.071    0.081   -0.472    0.155   -4.166    2.645   -0.323
   -0.194   -0.030    0.082   -0.015   -0.440    0.254    0.081   -0.029    0.250   -0.171    2.645   -8.137    2.376
    0.171    0.081   -0.071   -0.033   -0.232   -0.461    0.170   -0.192    2.411   -0.518   -0.323    2.376   -4.136
 
 HF ground state energy  -46.9473611686918      eV at iteration #           7
 
 Density matrix at iteration #           7
    1.463    0.584   -0.114   -0.189   -0.082    0.566    0.100    0.056   -0.017   -0.049   -0.182   -0.099    0.099
    0.584    0.558    0.624    0.092   -0.178    0.091   -0.099   -0.020   -0.009    0.057   -0.089   -0.020    0.056
   -0.114    0.624    1.459    0.529   -0.064   -0.194   -0.183   -0.090   -0.015    0.093    0.092    0.057   -0.049
   -0.189    0.092    0.529    0.696    0.465    0.002    0.566    0.092    0.002   -0.194   -0.015   -0.009   -0.017
   -0.082   -0.178   -0.064    0.465    1.476    0.465   -0.083   -0.177    0.463   -0.063   -0.064   -0.178   -0.081
    0.566    0.091   -0.194    0.002    0.465    0.694   -0.017   -0.009    0.003   -0.014    0.528    0.092   -0.189
    0.100   -0.099   -0.183    0.566   -0.083   -0.017    1.462    0.584   -0.189   -0.114   -0.048    0.056    0.099
    0.056   -0.020   -0.090    0.092   -0.177   -0.009    0.584    0.557    0.092    0.624    0.057   -0.019   -0.098
   -0.017   -0.009   -0.015    0.002    0.463    0.003   -0.189    0.092    0.692    0.527   -0.194    0.091    0.567
   -0.049    0.057    0.093   -0.194   -0.063   -0.014   -0.114    0.624    0.527    1.462    0.092   -0.090   -0.182
   -0.182   -0.089    0.092   -0.015   -0.064    0.528   -0.048    0.057   -0.194    0.092    1.460    0.625   -0.114
   -0.099   -0.020    0.057   -0.009   -0.178    0.092    0.056   -0.019    0.091   -0.090    0.625    0.557    0.583
    0.099    0.056   -0.049   -0.017   -0.081   -0.189    0.099   -0.098    0.567   -0.182   -0.114    0.583    1.464
 
 HF ITERATION #           8
 
 J (i.e., Coulomb) operator (diagonal) at iteration #           8
    1     2.08176
    2    -0.67413
    3     2.07128
    4    -1.61367
    5    -6.33185
    6    -1.61340
    7     2.10809
    8    -0.65264
    9    -1.59400
   10     2.07810
   11     2.05960
   12    -0.69494
   13     2.06955
 
 K (i.e., exchange) operator (not diagonal) at iteration #           8
   -4.164    2.392   -0.320   -0.465   -0.234    2.395    0.174    0.082   -0.032   -0.074   -0.523   -0.195    0.172
    2.392   -8.118    2.651    0.252   -0.445    0.248   -0.195   -0.029   -0.015    0.083   -0.172   -0.029    0.081
   -0.320    2.651   -4.191    2.169   -0.181   -0.476   -0.528   -0.173   -0.028    0.158    0.157    0.083   -0.073
   -0.465    0.252    2.169   -7.339    1.921    0.006    2.395    0.251    0.006   -0.477   -0.028   -0.015   -0.033
   -0.234   -0.445   -0.181    1.921  -18.933    1.913   -0.236   -0.442    1.898   -0.177   -0.180   -0.442   -0.232
    2.395    0.248   -0.476    0.006    1.913   -7.352   -0.033   -0.015    0.007   -0.027    2.166    0.252   -0.464
    0.174   -0.195   -0.528    2.395   -0.236   -0.033   -4.172    2.392   -0.461   -0.322   -0.072    0.081    0.172
    0.082   -0.029   -0.173    0.251   -0.442   -0.015    2.392   -8.121    0.249    2.658    0.082   -0.029   -0.193
   -0.032   -0.015   -0.028    0.006    1.898    0.007   -0.461    0.249   -7.366    2.150   -0.475    0.248    2.416
   -0.074    0.083    0.158   -0.477   -0.177   -0.027   -0.322    2.658    2.150   -4.167    0.156   -0.171   -0.520
   -0.523   -0.172    0.157   -0.028   -0.180    2.166   -0.072    0.082   -0.475    0.156   -4.188    2.652   -0.321
   -0.195   -0.029    0.083   -0.015   -0.442    0.252    0.081   -0.029    0.248   -0.171    2.652   -8.122    2.376
    0.172    0.081   -0.073   -0.033   -0.232   -0.464    0.172   -0.193    2.416   -0.520   -0.321    2.376   -4.157
 
 HF ground state energy  -46.9780414522708      eV at iteration #           8
 
 Density matrix at iteration #           8
    1.461    0.584   -0.113   -0.190   -0.082    0.567    0.101    0.056   -0.017   -0.050   -0.182   -0.100    0.100
    0.584    0.560    0.625    0.092   -0.179    0.091   -0.099   -0.019   -0.009    0.057   -0.089   -0.019    0.056
   -0.113    0.625    1.458    0.529   -0.064   -0.195   -0.184   -0.090   -0.015    0.093    0.093    0.058   -0.049
   -0.190    0.092    0.529    0.699    0.466    0.002    0.567    0.092    0.002   -0.195   -0.015   -0.009   -0.017
   -0.082   -0.179   -0.064    0.466    1.473    0.466   -0.083   -0.178    0.464   -0.062   -0.064   -0.179   -0.081
    0.567    0.091   -0.195    0.002    0.466    0.696   -0.017   -0.009    0.002   -0.014    0.528    0.092   -0.189
    0.101   -0.099   -0.184    0.567   -0.083   -0.017    1.460    0.584   -0.189   -0.114   -0.049    0.057    0.100
    0.056   -0.019   -0.090    0.092   -0.178   -0.009    0.584    0.559    0.091    0.625    0.057   -0.019   -0.099
   -0.017   -0.009   -0.015    0.002    0.464    0.002   -0.189    0.091    0.694    0.527   -0.194    0.091    0.568
   -0.050    0.057    0.093   -0.195   -0.062   -0.014   -0.114    0.625    0.527    1.461    0.092   -0.090   -0.182
   -0.182   -0.089    0.093   -0.015   -0.064    0.528   -0.049    0.057   -0.194    0.092    1.458    0.626   -0.114
   -0.100   -0.019    0.058   -0.009   -0.179    0.092    0.057   -0.019    0.091   -0.090    0.626    0.559    0.583
    0.100    0.056   -0.049   -0.017   -0.081   -0.189    0.100   -0.099    0.568   -0.182   -0.114    0.583    1.462
 
 HF ITERATION #           9
 
 J (i.e., Coulomb) operator (diagonal) at iteration #           9
    1     2.07489
    2    -0.67257
    3     2.06418
    4    -1.61305
    5    -6.34137
    6    -1.61282
    7     2.10132
    8    -0.65109
    9    -1.59341
   10     2.07107
   11     2.05250
   12    -0.69338
   13     2.06268
 
 K (i.e., exchange) operator (not diagonal) at iteration #           9
   -4.176    2.392   -0.319   -0.466   -0.234    2.398    0.175    0.082   -0.032   -0.074   -0.523   -0.195    0.173
    2.392   -8.110    2.656    0.250   -0.447    0.247   -0.195   -0.029   -0.015    0.083   -0.172   -0.029    0.082
   -0.319    2.656   -4.203    2.168   -0.180   -0.478   -0.529   -0.173   -0.028    0.159    0.158    0.083   -0.074
   -0.466    0.250    2.168   -7.326    1.924    0.005    2.398    0.250    0.005   -0.479   -0.028   -0.015   -0.033
   -0.234   -0.447   -0.180    1.924  -18.953    1.916   -0.237   -0.444    1.901   -0.175   -0.179   -0.444   -0.233
    2.398    0.247   -0.478    0.005    1.916   -7.339   -0.033   -0.015    0.007   -0.027    2.164    0.250   -0.465
    0.175   -0.195   -0.529    2.398   -0.237   -0.033   -4.183    2.392   -0.462   -0.321   -0.073    0.082    0.173
    0.082   -0.029   -0.173    0.250   -0.444   -0.015    2.392   -8.113    0.248    2.662    0.082   -0.029   -0.193
   -0.032   -0.015   -0.028    0.005    1.901    0.007   -0.462    0.248   -7.353    2.148   -0.477    0.247    2.419
   -0.074    0.083    0.159   -0.479   -0.175   -0.027   -0.321    2.662    2.148   -4.179    0.157   -0.171   -0.521
   -0.523   -0.172    0.158   -0.028   -0.179    2.164   -0.073    0.082   -0.477    0.157   -4.199    2.656   -0.320
   -0.195   -0.029    0.083   -0.015   -0.444    0.250    0.082   -0.029    0.247   -0.171    2.656   -8.113    2.376
    0.173    0.082   -0.074   -0.033   -0.233   -0.465    0.173   -0.193    2.419   -0.521   -0.320    2.376   -4.169
 
 HF ground state energy  -46.9950558700474      eV at iteration #           9
 
 Density matrix at iteration #           9
    1.460    0.584   -0.113   -0.190   -0.082    0.567    0.101    0.057   -0.017   -0.050   -0.183   -0.100    0.100
    0.584    0.560    0.626    0.091   -0.179    0.091   -0.099   -0.019   -0.009    0.058   -0.089   -0.019    0.056
   -0.113    0.626    1.457    0.529   -0.063   -0.195   -0.184   -0.090   -0.015    0.093    0.093    0.058   -0.049
   -0.190    0.091    0.529    0.700    0.466    0.002    0.568    0.091    0.002   -0.195   -0.015   -0.009   -0.017
   -0.082   -0.179   -0.063    0.466    1.472    0.466   -0.083   -0.178    0.464   -0.062   -0.063   -0.179   -0.082
    0.567    0.091   -0.195    0.002    0.466    0.698   -0.017   -0.009    0.002   -0.014    0.528    0.092   -0.190
    0.101   -0.099   -0.184    0.568   -0.083   -0.017    1.459    0.584   -0.190   -0.114   -0.049    0.057    0.100
    0.057   -0.019   -0.090    0.091   -0.178   -0.009    0.584    0.560    0.091    0.626    0.057   -0.019   -0.099
   -0.017   -0.009   -0.015    0.002    0.464    0.002   -0.190    0.091    0.695    0.527   -0.195    0.091    0.569
   -0.050    0.058    0.093   -0.195   -0.062   -0.014   -0.114    0.626    0.527    1.460    0.093   -0.090   -0.183
   -0.183   -0.089    0.093   -0.015   -0.063    0.528   -0.049    0.057   -0.195    0.093    1.457    0.627   -0.114
   -0.100   -0.019    0.058   -0.009   -0.179    0.092    0.057   -0.019    0.091   -0.090    0.627    0.560    0.583
    0.100    0.056   -0.049   -0.017   -0.082   -0.190    0.100   -0.099    0.569   -0.183   -0.114    0.583    1.461
 
 HF ITERATION #          10
 
 J (i.e., Coulomb) operator (diagonal) at iteration #          10
    1     2.07109
    2    -0.67169
    3     2.06021
    4    -1.61270
    5    -6.34659
    6    -1.61250
    7     2.09758
    8    -0.65021
    9    -1.59308
   10     2.06714
   11     2.04852
   12    -0.69250
   13     2.05888
 
 K (i.e., exchange) operator (not diagonal) at iteration #          10
   -4.182    2.391   -0.319   -0.467   -0.235    2.400    0.175    0.082   -0.032   -0.075   -0.524   -0.196    0.174
    2.391   -8.105    2.659    0.250   -0.448    0.246   -0.196   -0.029   -0.015    0.083   -0.171   -0.029    0.082
   -0.319    2.659   -4.209    2.166   -0.179   -0.479   -0.529   -0.173   -0.028    0.159    0.158    0.083   -0.074
   -0.467    0.250    2.166   -7.318    1.925    0.005    2.400    0.249    0.005   -0.480   -0.028   -0.015   -0.033
   -0.235   -0.448   -0.179    1.925  -18.964    1.918   -0.237   -0.444    1.902   -0.174   -0.178   -0.444   -0.233
    2.400    0.246   -0.479    0.005    1.918   -7.332   -0.033   -0.015    0.006   -0.027    2.163    0.250   -0.466
    0.175   -0.196   -0.529    2.400   -0.237   -0.033   -4.190    2.391   -0.463   -0.320   -0.074    0.082    0.173
    0.082   -0.029   -0.173    0.249   -0.444   -0.015    2.391   -8.108    0.247    2.665    0.082   -0.028   -0.194
   -0.032   -0.015   -0.028    0.005    1.902    0.006   -0.463    0.247   -7.346    2.147   -0.478    0.246    2.421
   -0.075    0.083    0.159   -0.480   -0.174   -0.027   -0.320    2.665    2.147   -4.185    0.157   -0.171   -0.521
   -0.524   -0.171    0.158   -0.028   -0.178    2.163   -0.074    0.082   -0.478    0.157   -4.206    2.659   -0.319
